0
5
10
15
25
45
70
100
135
175
220
270
323
377.4708
433.3945
491.9074
551.9292
616.4294
683.728
754.8895
827.7199
907.5768
995.1382
1091.147
1196.419
1311.848
1438.412
1577.188
1729.352
1896.197
2079.138
2279.73
2499.674
2740.838
3005.269
3295.212
3613.128
3961.716
4343.935
4763.03
5222.559
5726.422
6278.897
6884.674
7548.895
8277.199
9075.769
9951.382
10911.47
11964.19
13118.48
14384.12
15771.88
17293.52
18961.97
20791.38
22797.3
24996.74
27408.38
30052.69
32952.12
36131.28
39617.16
43439.35
47630.3
52225.59
57264.22
62788.97
68846.73
75488.95
82771.98
90757.67
99513.81
109114.7
119641.9
131184.8
143841.2
157718.8
172935.2
189619.7
207913.8
230082.4
262321.3
300840.3
346736.8
407380.3
489778.8
602559.6
758577.6
1000000