0
250
500
750
1000
1250
1500
1750
2000
2250
2500
2750
3000
3250
3500
3750
4000
4250
4500
4750
5000
5250
5500
5750
6000
6250
6500
6750
7000
7250
7500
7750
8000
8250
8500
8750
9000
9250
9500
9750
10000
10300
10660
11092
11610.4
12232.5
12979
13874.8
14949.7
16239.7
17787.6
19645.1
21874.2
24549
27758.8
31610.5
36232.6
41779.2
48435
56422
66006.4
77507.7
91309.2
107871
127745
151594
180213
214556
255767
305220
364564
435777
521233
623779
746835
894502
1.0717e+06
1.28434e+06
1.53951e+06
1.84571e+06
2.21316e+06
2.65409e+06
