21	24
0	2.6020600795746	2	45.000099182129	2	45	0.00433999998495	0.00433999998495	0.28999999165535	0.28999999165535
0	2.4000005722046	2	44.999099731445	2	44.999801635742	0.00433999998495	0.00433999998495	0.28999999165535	0.28999999165535
0	2.1999990940094	2.0000500679016	45.00350189209	2.0000100135803	45.000301361084	0.00433999998495	0.00433999998495	0.28999999165535	0.28999999165535
0	2	1.9996900558472	45.011001586914	1.9999599456787	45.002899169922	0.00433999998495	0.00433999998495	0.28999999165535	0.28999999165535
0	1.7999997138977	1.9992200136185	44.930400848389	1.9998600482941	44.99100112915	0.00433999998495	0.00433999998495	0.28999999165535	0.28999999165535
0	1.5999997854233	2.0017099380493	44.777698516846	2.0002601146698	44.967998504639	0.00433999998495	0.00433999998495	0.28999999165535	0.28999999165535
0	1.4000005722046	2.0085499286652	44.857398986816	2.0012700557709	44.999599456787	0.00433999998495	0.00433999998495	0.28999999165535	0.28999999165535
0	1.1999990940094	2.0161499977112	45.460800170898	2.0015499591827	45.13639831543	0.00433999998495	0.00433999998495	0.28999999165535	0.28999999165535
0	1	2.0192201137543	46.640300750732	1.9987800121307	45.293098449707	0.00433999998495	0.00433999998495	0.28999999165535	0.28999999165535
0	0.79999977350235	2.0128600597382	48.335201263428	1.993430018425	45.180198669434	0.00433999998495	0.00433999998495	0.28999999165535	0.28999999165535
0	0.59999978542328	1.9903500080109	50.2958984375	1.9912799596786	44.710098266602	0.00433999998495	0.00433999998495	0.28999999165535	0.28999999165535
0	0.40000060200691	1.9473099708557	51.733001708984	1.9956699609756	44.238201141357	0.00433999998495	0.00433999998495	0.28999999165535	0.28999999165535
0	0.19999913871288	1.8918299674988	51.589000701904	2.0033800601959	44.061698913574	0.00433999998495	0.00433999998495	0.28999999165535	0.28999999165535
0	0	1.8449499607086	49.499500274658	2.0102701187134	44.158100128174	0.00433999998495	0.00433999998495	0.28999999165535	0.28999999165535
0	-0.19999818503857	1.8258899450302	46.319900512695	2.0147099494934	44.37850189209	0.00433999998495	0.00433999998495	0.28999999165535	0.28999999165535
0	-0.39999690651894	1.8359800577164	43.475898742676	2.0168700218201	44.604999542236	0.00433999998495	0.00433999998495	0.28999999165535	0.28999999165535
0	-0.59999763965607	1.8622599840164	41.747001647949	2.0175399780273	44.783298492432	0.00433999998495	0.00433999998495	0.28999999165535	0.28999999165535
0	-0.7999981045723	1.892040014267	41.102500915527	2.0174400806427	44.902900695801	0.00433999998495	0.00433999998495	0.28999999165535	0.28999999165535
0	-1	1.9183700084686	41.171699523926	2.017040014267	44.973400115967	0.00433999998495	0.00433999998495	0.28999999165535	0.28999999165535
0	-1.1999706029892	1.9389899969101	41.593299865723	2.0165998935699	45.009799957275	0.00433999998495	0.00433999998495	0.28999999165535	0.28999999165535
0	-1.4000078439713	1.9546500444412	42.137500762939	2.0162200927734	45.025299072266	0.00433999998495	0.00433999998495	0.28999999165535	0.28999999165535
0	-1.5999803543091	1.9660799503326	42.676300048828	2.0159199237823	45.028701782227	0.00433999998495	0.00433999998495	0.28999999165535	0.28999999165535
0	-1.7999707460403	1.9743399620056	43.154201507568	2.0157198905945	45.026599884033	0.00433999998495	0.00433999998495	0.28999999165535	0.28999999165535
0	-2	1.9805099964142	43.548000335693	2.0155799388885	45.023101806641	0.00433999998495	0.00433999998495	0.28999999165535	0.28999999165535
0.5	2.6020600795746	1.9999899864197	44.999401092529	2	44.999801635742	0.00433999998495	0.00433999998495	0.28999999165535	0.28999999165535
0.5	2.4000005722046	2.0000600814819	45.000400543213	2.0000100135803	44.999801635742	0.00433999998495	0.00433999998495	0.28999999165535	0.28999999165535
0.5	2.1999990940094	1.9998799562454	45.015300750732	1.9999899864197	45.004001617432	0.00433999998495	0.00433999998495	0.28999999165535	0.28999999165535
0.5	2	1.9991199970245	44.972900390625	1.9997800588608	44.996601104736	0.00433999998495	0.00433999998495	0.28999999165535	0.28999999165535
0.5	1.7999997138977	2.0001900196075	44.804500579834	2	44.955898284912	0.00433999998495	0.00433999998495	0.28999999165535	0.28999999165535
0.5	1.5999997854233	2.0062799453735	44.739898681641	2.0014400482178	44.951000213623	0.00433999998495	0.00433999998495	0.28999999165535	0.28999999165535
0.5	1.4000005722046	2.0153200626373	45.182998657227	2.0029900074005	45.08570098877	0.00433999998495	0.00433999998495	0.28999999165535	0.28999999165535
0.5	1.1999990940094	2.020849943161	46.283401489258	2.0022900104523	45.349601745605	0.00433999998495	0.00433999998495	0.28999999165535	0.28999999165535
0.5	1	2.0174899101257	47.904300689697	1.9973100423813	45.564601898193	0.00433999998495	0.00433999998495	0.28999999165535	0.28999999165535
0.5	0.79999977350235	2.0015299320221	49.867000579834	1.9900000095367	45.407299041748	0.00433999998495	0.00433999998495	0.28999999165535	0.28999999165535
0.5	0.59999978542328	1.9677900075912	51.83810043335	1.9872499704361	44.874698638916	0.00433999998495	0.00433999998495	0.28999999165535	0.28999999165535
0.5	0.40000060200691	1.9140900373459	52.9714012146	1.9915399551392	44.402900695801	0.00433999998495	0.00433999998495	0.28999999165535	0.28999999165535
0.5	0.19999913871288	1.851490020752	52.244998931885	1.9986100196838	44.265399932861	0.00433999998495	0.00433999998495	0.28999999165535	0.28999999165535
0.5	0	1.8035399913788	49.47380065918	2.0043199062347	44.392101287842	0.00433999998495	0.00433999998495	0.28999999165535	0.28999999165535
0.5	-0.19999818503857	1.7885500192642	45.762001037598	2.0073900222778	44.617900848389	0.00433999998495	0.00433999998495	0.28999999165535	0.28999999165535
0.5	-0.39999690651894	1.8053200244904	42.653301239014	2.0082900524139	44.829898834229	0.00433999998495	0.00433999998495	0.28999999165535	0.28999999165535
0.5	-0.59999763965607	1.8380899429321	40.862899780273	2.0078899860382	44.983001708984	0.00433999998495	0.00433999998495	0.28999999165535	0.28999999165535
0.5	-0.7999981045723	1.872859954834	40.270099639893	2.0069301128387	45.074001312256	0.00433999998495	0.00433999998495	0.28999999165535	0.28999999165535
0.5	-1	1.9034399986267	40.434799194336	2.0058500766754	45.116500854492	0.00433999998495	0.00433999998495	0.28999999165535	0.28999999165535
0.5	-1.1999706029892	1.9273600578308	40.966598510742	2.0048799514771	45.127700805664	0.00433999998495	0.00433999998495	0.28999999165535	0.28999999165535
0.5	-1.4000078439713	1.9453799724579	41.613201141357	2.0040700435638	45.121398925781	0.00433999998495	0.00433999998495	0.28999999165535	0.28999999165535
0.5	-1.5999803543091	1.9588500261307	42.246299743652	2.0034399032593	45.106601715088	0.00433999998495	0.00433999998495	0.28999999165535	0.28999999165535
0.5	-1.7999707460403	1.9687299728394	42.806499481201	2.0029799938202	45.089401245117	0.00433999998495	0.00433999998495	0.28999999165535	0.28999999165535
0.5	-2	1.9760199785233	43.2672996521	2.0026299953461	45.073501586914	0.00433999998495	0.00433999998495	0.28999999165535	0.28999999165535
1	2.6020600795746	2.0000200271606	44.998699188232	2.0000100135803	44.999401092529	0.00433999998495	0.00433999998495	0.28999999165535	0.28999999165535
1	2.4000005722046	2.000030040741	45.010799407959	2.0000200271606	45.003398895264	0.00433999998495	0.00433999998495	0.28999999165535	0.28999999165535
1	2.1999990940094	1.9992899894714	45.003299713135	1.9997700452805	45.00350189209	0.00433999998495	0.00433999998495	0.28999999165535	0.28999999165535
1	2	1.9992200136185	44.85120010376	1.9996700286865	44.952701568604	0.00433999998495	0.00433999998495	0.28999999165535	0.28999999165535
1	1.7999997138977	2.0041699409485	44.675998687744	2.0013799667358	44.891300201416	0.00433999998495	0.00433999998495	0.28999999165535	0.28999999165535
1	1.5999997854233	2.0143599510193	44.950901031494	2.0047099590302	45.01309967041	0.00433999998495	0.00433999998495	0.28999999165535	0.28999999165535
1	1.4000005722046	2.0228800773621	46.001598358154	2.0061600208282	45.401298522949	0.00433999998495	0.00433999998495	0.28999999165535	0.28999999165535
1	1.1999990940094	2.0218501091003	47.706001281738	2.0025799274445	45.901100158691	0.00433999998495	0.00433999998495	0.28999999165535	0.28999999165535
1	1	2.0074698925018	49.725498199463	1.9931900501251	46.227600097656	0.00433999998495	0.00433999998495	0.28999999165535	0.28999999165535
1	0.79999977350235	1.9783999919891	51.788299560547	1.9818400144577	46.056999206543	0.00433999998495	0.00433999998495	0.28999999165535	0.28999999165535
1	0.59999978542328	1.9318799972534	53.544898986816	1.9762699604034	45.487300872803	0.00433999998495	0.00433999998495	0.28999999165535	0.28999999165535
1	0.40000060200691	1.8678200244904	54.180599212646	1.9780399799347	45.020198822021	0.00433999998495	0.00433999998495	0.28999999165535	0.28999999165535
1	0.19999913871288	1.7995799779892	52.742500305176	1.9821399450302	44.896499633789	0.00433999998495	0.00433999998495	0.28999999165535	0.28999999165535
1	0	1.7522699832916	49.220199584961	1.9846400022507	45.007801055908	0.00433999998495	0.00433999998495	0.28999999165535	0.28999999165535
1	-0.19999818503857	1.7432099580765	44.9833984375	1.9846999645233	45.186199188232	0.00433999998495	0.00433999998495	0.28999999165535	0.28999999165535
1	-0.39999690651894	1.7676399946213	41.617500305176	1.9830100536346	45.33219909668	0.00433999998495	0.00433999998495	0.28999999165535	0.28999999165535
1	-0.59999763965607	1.8076100349426	39.783401489258	1.9804899692535	45.413398742676	0.00433999998495	0.00433999998495	0.28999999165535	0.28999999165535
1	-0.7999981045723	1.8485599756241	39.251800537109	1.9778300523758	45.434898376465	0.00433999998495	0.00433999998495	0.28999999165535	0.28999999165535
1	-1	1.8841300010681	39.525299072266	1.9753999710083	45.414798736572	0.00433999998495	0.00433999998495	0.28999999165535	0.28999999165535
1	-1.1999706029892	1.9119600057602	40.180698394775	1.9733500480652	45.371700286865	0.00433999998495	0.00433999998495	0.28999999165535	0.28999999165535
1	-1.4000078439713	1.9334399700165	40.952098846436	1.9716999530792	45.319499969482	0.00433999998495	0.00433999998495	0.28999999165535	0.28999999165535
1	-1.5999803543091	1.9493299722672	41.697101593018	1.9703999757767	45.2666015625	0.00433999998495	0.00433999998495	0.28999999165535	0.28999999165535
1	-1.7999707460403	1.9611500501633	42.356098175049	1.9694000482559	45.218101501465	0.00433999998495	0.00433999998495	0.28999999165535	0.28999999165535
1	-2	1.9700499773026	42.90119934082	1.9686399698257	45.17679977417	0.00433999998495	0.00433999998495	0.28999999165535	0.28999999165535
1.5	2.6020600795746	2.0000600814819	45.003700256348	2.000030040741	45.001598358154	0.00433999998495	0.00433999998495	0.28999999165535	0.28999999165535
1.5	2.4000005722046	1.9996199607849	45.016899108887	1.9998300075531	45.009101867676	0.00433999998495	0.00433999998495	0.28999999165535	0.28999999165535
1.5	2.1999990940094	1.9987699985504	44.913799285889	1.9993499517441	44.959899902344	0.00433999998495	0.00433999998495	0.28999999165535	0.28999999165535
1.5	2	2.0019199848175	44.664901733398	2.0009000301361	44.827201843262	0.00433999998495	0.00433999998495	0.28999999165535	0.28999999165535
1.5	1.7999997138977	2.012540102005	44.724201202393	2.0065200328827	44.868000030518	0.00433999998495	0.00433999998495	0.28999999165535	0.28999999165535
1.5	1.5999997854233	2.0249300003052	45.662998199463	2.0122299194336	45.40779876709	0.00433999998495	0.00433999998495	0.28999999165535	0.28999999165535
1.5	1.4000005722046	2.0279700756073	47.51969909668	2.0109100341797	46.356800079346	0.00433999998495	0.00433999998495	0.28999999165535	0.28999999165535
1.5	1.1999990940094	2.0145699977875	49.831401824951	1.9998500347137	47.304401397705	0.00433999998495	0.00433999998495	0.28999999165535	0.28999999165535
1.5	1	1.9842499494553	52.079700469971	1.9809199571609	47.862701416016	0.00433999998495	0.00433999998495	0.28999999165535	0.28999999165535
1.5	0.79999977350235	1.9394099712372	53.960498809814	1.9602299928665	47.752601623535	0.00433999998495	0.00433999998495	0.28999999165535	0.28999999165535
1.5	0.59999978542328	1.8802599906921	55.222499847412	1.9462200403214	47.176898956299	0.00433999998495	0.00433999998495	0.28999999165535	0.28999999165535
1.5	0.40000060200691	1.8078999519348	55.181999206543	1.9398200511932	46.685001373291	0.00433999998495	0.00433999998495	0.28999999165535	0.28999999165535
1.5	0.19999913871288	1.7365100383759	52.95240020752	1.9357899427414	46.491100311279	0.00433999998495	0.00433999998495	0.28999999165535	0.28999999165535
1.5	0	1.6921000480652	48.701599121094	1.9307099580765	46.474300384521	0.00433999998495	0.00433999998495	0.28999999165535	0.28999999165535
1.5	-0.19999818503857	1.6903699636459	43.965698242188	1.9241900444031	46.485698699951	0.00433999998495	0.00433999998495	0.28999999165535	0.28999999165535
1.5	-0.39999690651894	1.7233400344849	40.384601593018	1.9170199632645	46.451499938965	0.00433999998495	0.00433999998495	0.28999999165535	0.28999999165535
1.5	-0.59999763965607	1.7712600231171	38.522998809814	1.9100600481033	46.357898712158	0.00433999998495	0.00433999998495	0.28999999165535	0.28999999165535
1.5	-0.7999981045723	1.8192000389099	38.061100006104	1.9038200378418	46.220100402832	0.00433999998495	0.00433999998495	0.28999999165535	0.28999999165535
1.5	-1	1.8602900505066	38.453601837158	1.8985300064087	46.060501098633	0.00433999998495	0.00433999998495	0.28999999165535	0.28999999165535
1.5	-1.1999706029892	1.8929599523544	39.24649810791	1.8942099809647	45.898498535156	0.00433999998495	0.00433999998495	0.28999999165535	0.28999999165535
1.5	-1.4000078439713	1.9181100130081	40.153198242188	1.8907500505447	45.746601104736	0.00433999998495	0.00433999998495	0.28999999165535	0.28999999165535
1.5	-1.5999803543091	1.9372500181198	41.031101226807	1.8880200386047	45.611301422119	0.00433999998495	0.00433999998495	0.28999999165535	0.28999999165535
1.5	-1.7999707460403	1.9515500068665	41.802799224854	1.8858799934387	45.495300292969	0.00433999998495	0.00433999998495	0.28999999165535	0.28999999165535
1.5	-2	1.9623600244522	42.448600769043	1.8842099905014	45.399101257324	0.00433999998495	0.00433999998495	0.28999999165535	0.28999999165535
2	2.6020600795746	2.0000100135803	45.013500213623	2.0000200271606	45.009399414063	0.00433999998495	0.00433999998495	0.28999999165535	0.28999999165535
2	2.4000005722046	1.9989399909973	44.998901367188	1.9992599487305	45.003101348877	0.00433999998495	0.00433999998495	0.28999999165535	0.28999999165535
2	2.1999990940094	1.9990199804306	44.757400512695	1.9991400241852	44.828098297119	0.00433999998495	0.00433999998495	0.28999999165535	0.28999999165535
2	2	2.0073099136353	44.498600006104	2.0052099227905	44.62260055542	0.00433999998495	0.00433999998495	0.28999999165535	0.28999999165535
2	1.7999997138977	2.0236899852753	45.017700195313	2.0174400806427	45.025398254395	0.00433999998495	0.00433999998495	0.28999999165535	0.28999999165535
2	1.5999997854233	2.0355200767517	46.820598602295	2.0248599052429	46.402900695801	0.00433999998495	0.00433999998495	0.28999999165535	0.28999999165535
2	1.4000005722046	2.0288100242615	49.542701721191	2.0165700912476	48.31600189209	0.00433999998495	0.00433999998495	0.28999999165535	0.28999999165535
2	1.1999990940094	1.998960018158	52.365798950195	1.9916100502014	50.018299102783	0.00433999998495	0.00433999998495	0.28999999165535	0.28999999165535
2	1	1.9500600099564	54.620399475098	1.9557100534439	51.03150177002	0.00433999998495	0.00433999998495	0.28999999165535	0.28999999165535
2	0.79999977350235	1.8893200159073	56.043800354004	1.9174400568008	51.156600952148	0.00433999998495	0.00433999998495	0.28999999165535	0.28999999165535
2	0.59999978542328	1.8199599981308	56.605098724365	1.8858000040054	50.68579864502	0.00433999998495	0.00433999998495	0.28999999165535	0.28999999165535
2	0.40000060200691	1.7426500320435	55.821399688721	1.8615800142288	50.184398651123	0.00433999998495	0.00433999998495	0.28999999165535	0.28999999165535
2	0.19999913871288	1.6708199977875	52.879299163818	1.8401499986649	49.841800689697	0.00433999998495	0.00433999998495	0.28999999165535	0.28999999165535
2	0	1.6307300329208	48.000999450684	1.8191499710083	49.552398681641	0.00433999998495	0.00433999998495	0.28999999165535	0.28999999165535
2	-0.19999818503857	1.6363999843597	42.872100830078	1.798840045929	49.217700958252	0.00433999998495	0.00433999998495	0.28999999165535	0.28999999165535
2	-0.39999690651894	1.6777499914169	39.127601623535	1.7801500558853	48.813899993896	0.00433999998495	0.00433999998495	0.28999999165535	0.28999999165535
2	-0.59999763965607	1.7332099676132	37.251201629639	1.7637399435043	48.361400604248	0.00433999998495	0.00433999998495	0.28999999165535	0.28999999165535
2	-0.7999981045723	1.7877299785614	36.853698730469	1.7498500347137	47.89469909668	0.00433999998495	0.00433999998495	0.28999999165535	0.28999999165535
2	-1	1.8348000049591	37.353199005127	1.7383999824524	47.444499969482	0.00433999998495	0.00433999998495	0.28999999165535	0.28999999165535
2	-1.1999706029892	1.8723100423813	38.271598815918	1.729150056839	47.032600402832	0.00433999998495	0.00433999998495	0.28999999165535	0.28999999165535
2	-1.4000078439713	1.9015799760818	39.314498901367	1.7217500209808	46.669700622559	0.00433999998495	0.00433999998495	0.28999999165535	0.28999999165535
2	-1.5999803543091	1.9241000413895	40.32080078125	1.7158800363541	46.358699798584	0.00433999998495	0.00433999998495	0.28999999165535	0.28999999165535
2	-1.7999707460403	1.9409899711609	41.210300445557	1.7112400531769	46.097999572754	0.00433999998495	0.00433999998495	0.28999999165535	0.28999999165535
2	-2	1.9540200233459	41.961101531982	1.7075799703598	45.883499145508	0.00433999998495	0.00433999998495	0.28999999165535	0.28999999165535
2.5	2.6020600795746	2	45.022899627686	2.0000100135803	45.019599914551	0.00433999998495	0.00433999998495	0.28999999165535	0.28999999165535
2.5	2.4000005722046	1.9983199834824	44.988098144531	1.9985200166702	44.992401123047	0.00433999998495	0.00433999998495	0.28999999165535	0.28999999165535
2.5	2.1999990940094	1.9991099834442	44.621398925781	1.9990799427032	44.660701751709	0.00433999998495	0.00433999998495	0.28999999165535	0.28999999165535
2.5	2	2.0118200778961	44.348300933838	2.0107400417328	44.406299591064	0.00433999998495	0.00433999998495	0.28999999165535	0.28999999165535
2.5	1.7999997138977	2.0331399440765	45.256900787354	2.0299000740051	45.268501281738	0.00433999998495	0.00433999998495	0.28999999165535	0.28999999165535
2.5	1.5999997854233	2.0444300174713	47.791599273682	2.038409948349	47.571701049805	0.00433999998495	0.00433999998495	0.28999999165535	0.28999999165535
2.5	1.4000005722046	2.0292398929596	51.239601135254	2.0224299430847	50.521701812744	0.00433999998495	0.00433999998495	0.28999999165535	0.28999999165535
2.5	1.1999990940094	1.9850599765778	54.455699920654	1.9828900098801	53.080200195313	0.00433999998495	0.00433999998495	0.28999999165535	0.28999999165535
2.5	1	1.9205499887466	56.627601623535	1.9289599657059	54.700901031494	0.00433999998495	0.00433999998495	0.28999999165535	0.28999999165535
2.5	0.79999977350235	1.8476899862289	57.569599151611	1.8711400032043	55.276298522949	0.00433999998495	0.00433999998495	0.28999999165535	0.28999999165535
2.5	0.59999978542328	1.7719000577927	57.515899658203	1.8182499408722	55.166999816895	0.00433999998495	0.00433999998495	0.28999999165535	0.28999999165535
2.5	0.40000060200691	1.692440032959	56.165798187256	1.7706799507141	54.896900177002	0.00433999998495	0.00433999998495	0.28999999165535	0.28999999165535
2.5	0.19999913871288	1.6213500499725	52.71960067749	1.7247899770737	54.576698303223	0.00433999998495	0.00433999998495	0.28999999165535	0.28999999165535
2.5	0	1.5847500562668	47.432098388672	1.6800700426102	54.090000152588	0.00433999998495	0.00433999998495	0.28999999165535	0.28999999165535
2.5	-0.19999818503857	1.5960099697113	42.046600341797	1.6382499933243	53.393901824951	0.00433999998495	0.00433999998495	0.28999999165535	0.28999999165535
2.5	-0.39999690651894	1.6430900096893	38.201499938965	1.6008599996567	52.536998748779	0.00433999998495	0.00433999998495	0.28999999165535	0.28999999165535
2.5	-0.59999763965607	1.7041300535202	36.313899993896	1.5686600208282	51.599700927734	0.00433999998495	0.00433999998495	0.28999999165535	0.28999999165535
2.5	-0.7999981045723	1.7635200023651	35.958499908447	1.5417000055313	50.65779876709	0.00433999998495	0.00433999998495	0.28999999165535	0.28999999165535
2.5	-1	1.8148599863052	36.529201507568	1.5195699930191	49.767101287842	0.00433999998495	0.00433999998495	0.28999999165535	0.28999999165535
2.5	-1.1999706029892	1.8561300039291	37.537498474121	1.5016700029373	48.961799621582	0.00433999998495	0.00433999998495	0.28999999165535	0.28999999165535
2.5	-1.4000078439713	1.8884500265121	38.675201416016	1.487310051918	48.25719833374	0.00433999998495	0.00433999998495	0.28999999165535	0.28999999165535
2.5	-1.5999803543091	1.9135600328445	39.772701263428	1.4758599996567	47.655498504639	0.00433999998495	0.00433999998495	0.28999999165535	0.28999999165535
2.5	-1.7999707460403	1.9326399564743	40.752498626709	1.4667700529099	47.151000976563	0.00433999998495	0.00433999998495	0.28999999165535	0.28999999165535
2.5	-2	1.947350025177	41.582599639893	1.4595700502396	46.73450088501	0.00433999998495	0.00433999998495	0.28999999165535	0.28999999165535
3	2.6020600795746	2.000030040741	45.025901794434	2.0000400543213	45.023998260498	0.00433999998495	0.00433999998495	0.28999999165535	0.28999999165535
3	2.4000005722046	1.9980900287628	44.990200042725	1.9981900453568	44.994899749756	0.00433999998495	0.00433999998495	0.28999999165535	0.28999999165535
3	2.1999990940094	1.9989399909973	44.575099945068	1.9988499879837	44.590599060059	0.00433999998495	0.00433999998495	0.28999999165535	0.28999999165535
3	2	2.0132400989532	44.275299072266	2.0128700733185	44.299999237061	0.00433999998495	0.00433999998495	0.28999999165535	0.28999999165535
3	1.7999997138977	2.03671002388	45.313499450684	2.0351099967957	45.345699310303	0.00433999998495	0.00433999998495	0.28999999165535	0.28999999165535
3	1.5999997854233	2.0481200218201	48.133598327637	2.0442199707031	48.034198760986	0.00433999998495	0.00433999998495	0.28999999165535	0.28999999165535
3	1.4000005722046	2.0295898914337	51.868999481201	2.0251200199127	51.41189956665	0.00433999998495	0.00433999998495	0.28999999165535	0.28999999165535
3	1.1999990940094	1.9796899557114	55.209899902344	1.9797199964523	54.309700012207	0.00433999998495	0.00433999998495	0.28999999165535	0.28999999165535
3	1	1.909530043602	57.297500610352	1.9191399812698	56.172901153564	0.00433999998495	0.00433999998495	0.28999999165535	0.28999999165535
3	0.79999977350235	1.8331199884415	58.025901794434	1.8545600175858	56.993000030518	0.00433999998495	0.00433999998495	0.28999999165535	0.28999999165535
3	0.59999978542328	1.756049990654	57.762199401855	1.7936099767685	57.196899414063	0.00433999998495	0.00433999998495	0.28999999165535	0.28999999165535
3	0.40000060200691	1.6762700080872	56.262798309326	1.7353299856186	57.243099212646	0.00433999998495	0.00433999998495	0.28999999165535	0.28999999165535
3	0.19999913871288	1.605290055275	52.681999206543	1.6764600276947	57.128799438477	0.00433999998495	0.00433999998495	0.28999999165535	0.28999999165535
3	0	1.5695699453354	47.269500732422	1.617949962616	56.687698364258	0.00433999998495	0.00433999998495	0.28999999165535	0.28999999165535
3	-0.19999818503857	1.5823500156403	41.799900054932	1.5628199577332	55.893501281738	0.00433999998495	0.00433999998495	0.28999999165535	0.28999999165535
3	-0.39999690651894	1.6313799619675	37.909198760986	1.5134500265121	54.839500427246	0.00433999998495	0.00433999998495	0.28999999165535	0.28999999165535
3	-0.59999763965607	1.6940599679947	36.01139831543	1.470890045166	53.651599884033	0.00433999998495	0.00433999998495	0.28999999165535	0.28999999165535
3	-0.7999981045723	1.7550200223923	35.662899017334	1.4352200031281	52.440898895264	0.00433999998495	0.00433999998495	0.28999999165535	0.28999999165535
3	-1	1.8077900409698	36.251201629639	1.4059000015259	51.28689956665	0.00433999998495	0.00433999998495	0.28999999165535	0.28999999165535
3	-1.1999706029892	1.850289940834	37.285499572754	1.3821300268173	50.237899780273	0.00433999998495	0.00433999998495	0.28999999165535	0.28999999165535
3	-1.4000078439713	1.883810043335	38.454399108887	1.3630299568176	49.316101074219	0.00433999998495	0.00433999998495	0.28999999165535	0.28999999165535
3	-1.5999803543091	1.9097700119019	39.585998535156	1.3477699756622	48.526000976563	0.00433999998495	0.00433999998495	0.28999999165535	0.28999999165535
3	-1.7999707460403	1.9296499490738	40.594100952148	1.3356300592422	47.861698150635	0.00433999998495	0.00433999998495	0.28999999165535	0.28999999165535
3	-2	1.9449599981308	41.448799133301	1.3259799480438	47.311298370361	0.00433999998495	0.00433999998495	0.28999999165535	0.28999999165535
3.5	2.6020600795746	2	45.022899627686	2.0000100135803	45.019599914551	0.00433999998495	0.00433999998495	0.28999999165535	0.28999999165535
3.5	2.4000005722046	1.9983199834824	44.988098144531	1.9985200166702	44.992401123047	0.00433999998495	0.00433999998495	0.28999999165535	0.28999999165535
3.5	2.1999990940094	1.9990899562836	44.621398925781	1.9990700483322	44.661201477051	0.00433999998495	0.00433999998495	0.28999999165535	0.28999999165535
3.5	2	2.0118899345398	44.343200683594	2.0107300281525	44.402801513672	0.00433999998495	0.00433999998495	0.28999999165535	0.28999999165535
3.5	1.7999997138977	2.033390045166	45.274600982666	2.0300800800323	45.271301269531	0.00433999998495	0.00433999998495	0.28999999165535	0.28999999165535
3.5	1.5999997854233	2.04390001297	47.847198486328	2.0383400917053	47.606498718262	0.00433999998495	0.00433999998495	0.28999999165535	0.28999999165535
3.5	1.4000005722046	2.0270500183105	51.235801696777	2.0212500095367	50.543800354004	0.00433999998495	0.00433999998495	0.28999999165535	0.28999999165535
3.5	1.1999990940094	1.9825600385666	54.257900238037	1.9810400009155	52.978000640869	0.00433999998495	0.00433999998495	0.28999999165535	0.28999999165535
3.5	1	1.9205499887466	56.245399475098	1.9289599657059	54.436000823975	0.00433999998495	0.00433999998495	0.28999999165535	0.28999999165535
3.5	0.79999977350235	1.8517500162125	57.1589012146	1.8753499984741	55.016201019287	0.00433999998495	0.00433999998495	0.28999999165535	0.28999999165535
3.5	0.59999978542328	1.7791999578476	57.249000549316	1.8255900144577	55.177501678467	0.00433999998495	0.00433999998495	0.28999999165535	0.28999999165535
3.5	0.40000060200691	1.7006100416183	56.118099212646	1.7772400379181	55.283699035645	0.00433999998495	0.00433999998495	0.28999999165535	0.28999999165535
3.5	0.19999913871288	1.628389954567	52.830001831055	1.7272499799728	55.24409866333	0.00433999998495	0.00433999998495	0.28999999165535	0.28999999165535
3.5	0	1.5900499820709	47.608299255371	1.6771600246429	54.874801635742	0.00433999998495	0.00433999998495	0.28999999165535	0.28999999165535
3.5	-0.19999818503857	1.5997799634933	42.223201751709	1.6302399635315	54.163200378418	0.00433999998495	0.00433999998495	0.28999999165535	0.28999999165535
3.5	-0.39999690651894	1.6459300518036	38.349899291992	1.5887299776077	53.215698242188	0.00433999998495	0.00433999998495	0.28999999165535	0.28999999165535
3.5	-0.59999763965607	1.7063299417496	36.438400268555	1.5534700155258	52.161499023438	0.00433999998495	0.00433999998495	0.28999999165535	0.28999999165535
3.5	-0.7999981045723	1.7651400566101	36.058601379395	1.5243200063705	51.104999542236	0.00433999998495	0.00433999998495	0.28999999165535	0.28999999165535
3.5	-1	1.816300034523	36.608001708984	1.500659942627	50.115200042725	0.00433999998495	0.00433999998495	0.28999999165535	0.28999999165535
3.5	-1.1999706029892	1.8571399450302	37.601100921631	1.4816700220108	49.229698181152	0.00433999998495	0.00433999998495	0.28999999165535	0.28999999165535
3.5	-1.4000078439713	1.8894000053406	38.726898193359	1.4665199518204	48.462299346924	0.00433999998495	0.00433999998495	0.28999999165535	0.28999999165535
3.5	-1.5999803543091	1.9142099618912	39.816299438477	1.4544899463654	47.8125	0.00433999998495	0.00433999998495	0.28999999165535	0.28999999165535
3.5	-1.7999707460403	1.933140039444	40.788600921631	1.4449599981308	47.271598815918	0.00433999998495	0.00433999998495	0.28999999165535	0.28999999165535
3.5	-2	1.9477900266647	41.61009979248	1.4374200105667	46.82740020752	0.00433999998495	0.00433999998495	0.28999999165535	0.28999999165535
4	2.6020600795746	2.0000100135803	45.013401031494	2.0000200271606	45.009300231934	0.00433999998495	0.00433999998495	0.28999999165535	0.28999999165535
4	2.4000005722046	1.9989399909973	44.999801635742	1.9992599487305	45.003700256348	0.00433999998495	0.00433999998495	0.28999999165535	0.28999999165535
4	2.1999990940094	1.9989800453186	44.75350189209	1.9990999698639	44.826599121094	0.00433999998495	0.00433999998495	0.28999999165535	0.28999999165535
4	2	2.0076100826263	44.493801116943	2.0053400993347	44.615699768066	0.00433999998495	0.00433999998495	0.28999999165535	0.28999999165535
4	1.7999997138977	2.0239999294281	45.082000732422	2.0178000926971	45.052700042725	0.00433999998495	0.00433999998495	0.28999999165535	0.28999999165535
4	1.5999997854233	2.03346991539	46.929500579834	2.024090051651	46.486400604248	0.00433999998495	0.00433999998495	0.28999999165535	0.28999999165535
4	1.4000005722046	2.0236101150513	49.440799713135	2.0132699012756	48.312599182129	0.00433999998495	0.00433999998495	0.28999999165535	0.28999999165535
4	1.1999990940094	1.9946800470352	51.831001281738	1.9877400398254	49.702800750732	0.00433999998495	0.00433999998495	0.28999999165535	0.28999999165535
4	1	1.9522199630737	53.776798248291	1.956719994545	50.391498565674	0.00433999998495	0.00433999998495	0.28999999165535	0.28999999165535
4	0.79999977350235	1.899649977684	55.238800048828	1.9272199869156	50.574600219727	0.00433999998495	0.00433999998495	0.28999999165535	0.28999999165535
4	0.59999978542328	1.8359500169754	56.134201049805	1.9012199640274	50.647899627686	0.00433999998495	0.00433999998495	0.28999999165535	0.28999999165535
4	0.40000060200691	1.7597500085831	55.775798797607	1.8750499486923	50.815799713135	0.00433999998495	0.00433999998495	0.28999999165535	0.28999999165535
4	0.19999913871288	1.6854200363159	53.136798858643	1.8461699485779	50.911598205566	0.00433999998495	0.00433999998495	0.28999999165535	0.28999999165535
4	0	1.6417000293732	48.373199462891	1.816300034523	50.753898620605	0.00433999998495	0.00433999998495	0.28999999165535	0.28999999165535
4	-0.19999818503857	1.6443699598312	43.240501403809	1.788300037384	50.334800720215	0.00433999998495	0.00433999998495	0.28999999165535	0.28999999165535
4	-0.39999690651894	1.6835800409317	39.443500518799	1.7638900279999	49.746398925781	0.00433999998495	0.00433999998495	0.28999999165535	0.28999999165535
4	-0.59999763965607	1.7377799749374	37.51070022583	1.7436100244522	49.090400695801	0.00433999998495	0.00433999998495	0.28999999165535	0.28999999165535
4	-0.7999981045723	1.7912900447845	37.064701080322	1.7272100448608	48.442199707031	0.00433999998495	0.00433999998495	0.28999999165535	0.28999999165535
4	-1	1.8375500440598	37.522998809814	1.7141599655151	47.8464012146	0.00433999998495	0.00433999998495	0.28999999165535	0.28999999165535
4	-1.1999706029892	1.8745700120926	38.409599304199	1.703889966011	47.324298858643	0.00433999998495	0.00433999998495	0.28999999165535	0.28999999165535
4	-1.4000078439713	1.9033199548721	39.42679977417	1.6958099603653	46.880699157715	0.00433999998495	0.00433999998495	0.28999999165535	0.28999999165535
4	-1.5999803543091	1.9253799915314	40.408500671387	1.6894700527191	46.511699676514	0.00433999998495	0.00433999998495	0.28999999165535	0.28999999165535
4	-1.7999707460403	1.9421199560165	41.282501220703	1.6844999790192	46.209499359131	0.00433999998495	0.00433999998495	0.28999999165535	0.28999999165535
4	-2	1.9549200534821	42.018001556396	1.6806000471115	45.965400695801	0.00433999998495	0.00433999998495	0.28999999165535	0.28999999165535
4.5	2.6020600795746	2.0000700950623	45.004001617432	2.0000400543213	45.001998901367	0.00433999998495	0.00433999998495	0.28999999165535	0.28999999165535
4.5	2.4000005722046	1.9995800256729	45.016899108887	1.9997899532318	45.009101867676	0.00433999998495	0.00433999998495	0.28999999165535	0.28999999165535
4.5	2.1999990940094	1.998860001564	44.902000427246	1.9993900060654	44.950500488281	0.00433999998495	0.00433999998495	0.28999999165535	0.28999999165535
4.5	2	2.0025899410248	44.689601898193	2.0014100074768	44.837799072266	0.00433999998495	0.00433999998495	0.28999999165535	0.28999999165535
4.5	1.7999997138977	2.0119800567627	44.870098114014	2.0064699649811	44.971698760986	0.00433999998495	0.00433999998495	0.28999999165535	0.28999999165535
4.5	1.5999997854233	2.0197200775146	45.75719833374	2.0088300704956	45.525901794434	0.00433999998495	0.00433999998495	0.28999999165535	0.28999999165535
4.5	1.4000005722046	2.0193800926209	47.128299713135	2.0036299228668	46.164100646973	0.00433999998495	0.00433999998495	0.28999999165535	0.28999999165535
4.5	1.1999990940094	2.0106000900269	48.763900756836	1.9938600063324	46.494800567627	0.00433999998495	0.00433999998495	0.28999999165535	0.28999999165535
4.5	1	1.9921300411224	50.689800262451	1.9848500490189	46.543598175049	0.00433999998495	0.00433999998495	0.28999999165535	0.28999999165535
4.5	0.79999977350235	1.9593399763107	52.797401428223	1.9785399436951	46.539798736572	0.00433999998495	0.00433999998495	0.28999999165535	0.28999999165535
4.5	0.59999978542328	1.9071400165558	54.641101837158	1.9735499620438	46.705699920654	0.00433999998495	0.00433999998495	0.28999999165535	0.28999999165535
4.5	0.40000060200691	1.8351099491119	55.217300415039	1.966050028801	47.060901641846	0.00433999998495	0.00433999998495	0.28999999165535	0.28999999165535
4.5	0.19999913871288	1.7593499422073	53.408298492432	1.9543900489807	47.385101318359	0.00433999998495	0.00433999998495	0.28999999165535	0.28999999165535
4.5	0	1.709519982338	49.304500579834	1.9404699802399	47.505100250244	0.00433999998495	0.00433999998495	0.28999999165535	0.28999999165535
4.5	-0.19999818503857	1.7030800580978	44.558300018311	1.9268100261688	47.410499572754	0.00433999998495	0.00433999998495	0.28999999165535	0.28999999165535
4.5	-0.39999690651894	1.732920050621	40.891498565674	1.9148999452591	47.173599243164	0.00433999998495	0.00433999998495	0.28999999165535	0.28999999165535
4.5	-0.59999763965607	1.778589963913	38.943698883057	1.9051699638367	46.872299194336	0.00433999998495	0.00433999998495	0.28999999165535	0.28999999165535
4.5	-0.7999981045723	1.8248900175095	38.403701782227	1.8975199460983	46.562198638916	0.00433999998495	0.00433999998495	0.28999999165535	0.28999999165535
4.5	-1	1.8649300336838	38.73030090332	1.8916200399399	46.275001525879	0.00433999998495	0.00433999998495	0.28999999165535	0.28999999165535
4.5	-1.1999706029892	1.8964899778366	39.468101501465	1.8871099948883	46.025100708008	0.00433999998495	0.00433999998495	0.28999999165535	0.28999999165535
4.5	-1.4000078439713	1.921010017395	40.333999633789	1.8836599588394	45.815898895264	0.00433999998495	0.00433999998495	0.28999999165535	0.28999999165535
4.5	-1.5999803543091	1.9394400119781	41.173500061035	1.881019949913	45.644901275635	0.00433999998495	0.00433999998495	0.28999999165535	0.28999999165535
4.5	-1.7999707460403	1.9532999992371	41.917598724365	1.8789999485016	45.507701873779	0.00433999998495	0.00433999998495	0.28999999165535	0.28999999165535
4.5	-2	1.9637999534607	42.539699554443	1.8774399757385	45.399501800537	0.00433999998495	0.00433999998495	0.28999999165535	0.28999999165535
5	2.6020600795746	2.0000100135803	44.999698638916	1.9999899864197	45.000301361084	0.00433999998495	0.00433999998495	0.28999999165535	0.28999999165535
5	2.4000005722046	2	45.003200531006	2	44.995098114014	0.00433999998495	0.00433999998495	0.28999999165535	0.28999999165535
5	2.1999990940094	1.9998099803925	45.000301361084	2.0002899169922	45.001300811768	0.00433999998495	0.00433999998495	0.28999999165535	0.28999999165535
5	2	1.9996900558472	44.962600708008	2.0002100467682	45.060001373291	0.00433999998495	0.00433999998495	0.28999999165535	0.28999999165535
5	1.7999997138977	2.0006799697876	44.877300262451	1.9982199668884	45.113800048828	0.00433999998495	0.00433999998495	0.28999999165535	0.28999999165535
5	1.5999997854233	2.0045900344849	44.826900482178	1.994500041008	44.979400634766	0.00433999998495	0.00433999998495	0.28999999165535	0.28999999165535
5	1.4000005722046	2.0124800205231	45.048900604248	1.9922699928284	44.529098510742	0.00433999998495	0.00433999998495	0.28999999165535	0.28999999165535
5	1.1999990940094	2.0222198963165	45.934299468994	1.9960099458694	43.897598266602	0.00433999998495	0.00433999998495	0.28999999165535	0.28999999165535
5	1	2.0255999565125	47.76490020752	2.0061900615692	43.453201293945	0.00433999998495	0.00433999998495	0.28999999165535	0.28999999165535
5	0.79999977350235	2.0116500854492	50.342498779297	2.0187900066376	43.404598236084	0.00433999998495	0.00433999998495	0.28999999165535	0.28999999165535
5	0.59999978542328	1.972100019455	52.957698822021	2.0296900272369	43.737499237061	0.00433999998495	0.00433999998495	0.28999999165535	0.28999999165535
5	0.40000060200691	1.9066400527954	54.397598266602	2.0357398986816	44.29349899292	0.00433999998495	0.00433999998495	0.28999999165535	0.28999999165535
5	0.19999913871288	1.8318099975586	53.454898834229	2.0364398956299	44.825099945068	0.00433999998495	0.00433999998495	0.28999999165535	0.28999999165535
5	0	1.7770400047302	50.102401733398	2.0338599681854	45.177799224854	0.00433999998495	0.00433999998495	0.28999999165535	0.28999999165535
5	-0.19999818503857	1.7618399858475	45.826999664307	2.0302700996399	45.341499328613	0.00433999998495	0.00433999998495	0.28999999165535	0.28999999165535
5	-0.39999690651894	1.7816799879074	42.34880065918	2.0270099639893	45.374198913574	0.00433999998495	0.00433999998495	0.28999999165535	0.28999999165535
5	-0.59999763965607	1.8184900283813	40.393299102783	2.0245099067688	45.336799621582	0.00433999998495	0.00433999998495	0.28999999165535	0.28999999165535
5	-0.7999981045723	1.8570599555969	39.752101898193	2.0227899551392	45.27209854126	0.00433999998495	0.00433999998495	0.28999999165535	0.28999999165535
5	-1	1.8908200263977	39.933200836182	2.0216801166534	45.204498291016	0.00433999998495	0.00433999998495	0.28999999165535	0.28999999165535
5	-1.1999706029892	1.9173400402069	40.510101318359	2.0210199356079	45.145401000977	0.00433999998495	0.00433999998495	0.28999999165535	0.28999999165535
5	-1.4000078439713	1.9376000165939	41.216598510742	2.0206599235535	45.098499298096	0.00433999998495	0.00433999998495	0.28999999165535	0.28999999165535
5	-1.5999803543091	1.9526200294495	41.910400390625	2.0204699039459	45.063201904297	0.00433999998495	0.00433999998495	0.28999999165535	0.28999999165535
5	-1.7999707460403	1.9637500047684	42.524600982666	2.0204000473022	45.038101196289	0.00433999998495	0.00433999998495	0.28999999165535	0.28999999165535
5	-2	1.9720400571823	43.034900665283	2.0204000473022	45.021800994873	0.00433999998495	0.00433999998495	0.28999999165535	0.28999999165535
5.5	2.6020600795746	1.9999400377274	44.997398376465	1.9999500513077	44.99520111084	0.00433999998495	0.00433999998495	0.28999999165535	0.28999999165535
5.5	2.4000005722046	2.0003099441528	44.986801147461	2.0004100799561	44.98690032959	0.00433999998495	0.00433999998495	0.28999999165535	0.28999999165535
5.5	2.1999990940094	2.0007700920105	45.076801300049	2.001039981842	45.092601776123	0.00433999998495	0.00433999998495	0.28999999165535	0.28999999165535
5.5	2	1.9974600076675	45.202899932861	1.9976300001144	45.307598114014	0.00433999998495	0.00433999998495	0.28999999165535	0.28999999165535
5.5	1.7999997138977	1.9912600517273	44.897701263428	1.9877099990845	45.16189956665	0.00433999998495	0.00433999998495	0.28999999165535	0.28999999165535
5.5	1.5999997854233	1.992220044136	44.062400817871	1.9786599874496	44.165199279785	0.00433999998495	0.00433999998495	0.28999999165535	0.28999999165535
5.5	1.4000005722046	2.0072100162506	43.377601623535	1.9821000099182	42.491901397705	0.00433999998495	0.00433999998495	0.28999999165535	0.28999999165535
5.5	1.1999990940094	2.0313799381256	43.703998565674	2.0029399394989	40.892700195313	0.00433999998495	0.00433999998495	0.28999999165535	0.28999999165535
5.5	1	2.0510900020599	45.430999755859	2.0350000858307	40.071998596191	0.00433999998495	0.00433999998495	0.28999999165535	0.28999999165535
5.5	0.79999977350235	2.0518701076508	48.268501281738	2.0675699710846	40.125198364258	0.00433999998495	0.00433999998495	0.28999999165535	0.28999999165535
5.5	0.59999978542328	2.0237898826599	51.377201080322	2.0943601131439	40.739799499512	0.00433999998495	0.00433999998495	0.28999999165535	0.28999999165535
5.5	0.40000060200691	1.966089963913	53.470199584961	2.1134901046753	41.577899932861	0.00433999998495	0.00433999998495	0.28999999165535	0.28999999165535
5.5	0.19999913871288	1.8942999839783	53.294200897217	2.1258199214935	42.37329864502	0.00433999998495	0.00433999998495	0.28999999165535	0.28999999165535
5.5	0	1.8366899490356	50.675800323486	2.1336600780487	42.993598937988	0.00433999998495	0.00433999998495	0.28999999165535	0.28999999165535
5.5	-0.19999818503857	1.8138600587845	46.910701751709	2.1391899585724	43.431900024414	0.00433999998495	0.00433999998495	0.28999999165535	0.28999999165535
5.5	-0.39999690651894	1.8246099948883	43.646301269531	2.1436500549316	43.735698699951	0.00433999998495	0.00433999998495	0.28999999165535	0.28999999165535
5.5	-0.59999763965607	1.8530999422073	41.696300506592	2.1475400924683	43.953601837158	0.00433999998495	0.00433999998495	0.28999999165535	0.28999999165535
5.5	-0.7999981045723	1.8847500085831	40.957000732422	2.1510100364685	44.119998931885	0.00433999998495	0.00433999998495	0.28999999165535	0.28999999165535
5.5	-1	1.912750005722	40.995700836182	2.1540999412537	44.254901885986	0.00433999998495	0.00433999998495	0.28999999165535	0.28999999165535
5.5	-1.1999706029892	1.9345599412918	41.419498443604	2.156800031662	44.369201660156	0.00433999998495	0.00433999998495	0.28999999165535	0.28999999165535
5.5	-1.4000078439713	1.9512100219727	41.979000091553	2.1591000556946	44.468200683594	0.00433999998495	0.00433999998495	0.28999999165535	0.28999999165535
5.5	-1.5999803543091	1.9634200334549	42.538799285889	2.1610400676727	44.553798675537	0.00433999998495	0.00433999998495	0.28999999165535	0.28999999165535
5.5	-1.7999707460403	1.9723199605942	43.040699005127	2.1626698970795	44.628101348877	0.00433999998495	0.00433999998495	0.28999999165535	0.28999999165535
5.5	-2	1.9787900447845	43.453601837158	2.1640100479126	44.692699432373	0.00433999998495	0.00433999998495	0.28999999165535	0.28999999165535
6	2.6020600795746	1.9999799728394	44.990001678467	2.000030040741	44.985000610352	0.00433999998495	0.00433999998495	0.28999999165535	0.28999999165535
6	2.4000005722046	2.0007901191711	44.999900817871	2.0011301040649	45.009899139404	0.00433999998495	0.00433999998495	0.28999999165535	0.28999999165535
6	2.1999990940094	2.0005700588226	45.187099456787	2.0007998943329	45.265098571777	0.00433999998495	0.00433999998495	0.28999999165535	0.28999999165535
6	2	1.9936699867249	45.312400817871	1.9916499853134	45.526599884033	0.00433999998495	0.00433999998495	0.28999999165535	0.28999999165535
6	1.7999997138977	1.9836900234222	44.680000305176	1.9737399816513	44.892601013184	0.00433999998495	0.00433999998495	0.28999999165535	0.28999999165535
6	1.5999997854233	1.9855300188065	43.26139831543	1.9631799459457	42.780300140381	0.00433999998495	0.00433999998495	0.28999999165535	0.28999999165535
6	1.4000005722046	2.0074200630188	42.047500610352	1.9780299663544	39.852699279785	0.00433999998495	0.00433999998495	0.28999999165535	0.28999999165535
6	1.1999990940094	2.0416400432587	42.095600128174	2.0203499794006	37.481201171875	0.00433999998495	0.00433999998495	0.28999999165535	0.28999999165535
6	1	2.0717399120331	43.774299621582	2.07563996315	36.543701171875	0.00433999998495	0.00433999998495	0.28999999165535	0.28999999165535
6	0.79999977350235	2.0822501182556	46.720199584961	2.1275200843811	36.887298583984	0.00433999998495	0.00433999998495	0.28999999165535	0.28999999165535
6	0.59999978542328	2.0631198883057	50.073101043701	2.1689701080322	37.897598266602	0.00433999998495	0.00433999998495	0.28999999165535	0.28999999165535
6	0.40000060200691	2.0130100250244	52.58039855957	2.1997799873352	39.094898223877	0.00433999998495	0.00433999998495	0.28999999165535	0.28999999165535
6	0.19999913871288	1.9455599784851	53.011901855469	2.2220900058746	40.205600738525	0.00433999998495	0.00433999998495	0.28999999165535	0.28999999165535
6	0	1.8869099617004	51.052200317383	2.2386100292206	41.117698669434	0.00433999998495	0.00433999998495	0.28999999165535	0.28999999165535
6	-0.19999818503857	1.8581199645996	47.782398223877	2.2515199184418	41.83039855957	0.00433999998495	0.00433999998495	0.28999999165535	0.28999999165535
6	-0.39999690651894	1.8609199523926	44.747398376465	2.2621200084686	42.387298583984	0.00433999998495	0.00433999998495	0.28999999165535	0.28999999165535
6	-0.59999763965607	1.8818600177765	42.816101074219	2.2710299491882	42.832298278809	0.00433999998495	0.00433999998495	0.28999999165535	0.28999999165535
6	-0.7999981045723	1.907320022583	41.989200592041	2.278559923172	43.196899414063	0.00433999998495	0.00433999998495	0.28999999165535	0.28999999165535
6	-1	1.930449962616	41.897499084473	2.2848899364471	43.501201629639	0.00433999998495	0.00433999998495	0.28999999165535	0.28999999165535
6	-1.1999706029892	1.948490023613	42.182800292969	2.2901699542999	43.757598876953	0.00433999998495	0.00433999998495	0.28999999165535	0.28999999165535
6	-1.4000078439713	1.9621700048447	42.612400054932	2.2945399284363	43.97439956665	0.00433999998495	0.00433999998495	0.28999999165535	0.28999999165535
6	-1.5999803543091	1.9721299409866	43.058498382568	2.2981200218201	44.15650177002	0.00433999998495	0.00433999998495	0.28999999165535	0.28999999165535
6	-1.7999707460403	1.9790899753571	43.459400177002	2.3010399341583	44.309398651123	0.00433999998495	0.00433999998495	0.28999999165535	0.28999999165535
6	-2	1.9842100143433	43.789901733398	2.3034100532532	44.437698364258	0.00433999998495	0.00433999998495	0.28999999165535	0.28999999165535
6.5	2.6020600795746	2.0000400543213	44.980598449707	2.0000500679016	44.977199554443	0.00433999998495	0.00433999998495	0.28999999165535	0.28999999165535
6.5	2.4000005722046	2.0013499259949	45.025299072266	2.001669883728	45.020198822021	0.00433999998495	0.00433999998495	0.28999999165535	0.28999999165535
6.5	2.1999990940094	1.9997600317001	45.30530166626	2.0007801055908	45.388301849365	0.00433999998495	0.00433999998495	0.28999999165535	0.28999999165535
6.5	2	1.9894499778748	45.329498291016	1.9874999523163	45.682998657227	0.00433999998495	0.00433999998495	0.28999999165535	0.28999999165535
6.5	1.7999997138977	1.9784699678421	44.351299285889	1.9643100500107	44.689800262451	0.00433999998495	0.00433999998495	0.28999999165535	0.28999999165535
6.5	1.5999997854233	1.9833500385284	42.582500457764	1.9537400007248	41.827201843262	0.00433999998495	0.00433999998495	0.28999999165535	0.28999999165535
6.5	1.4000005722046	2.010400056839	41.150798797607	1.9772299528122	38.155101776123	0.00433999998495	0.00433999998495	0.28999999165535	0.28999999165535
6.5	1.1999990940094	2.0501201152802	41.092300415039	2.0334401130676	35.424098968506	0.00433999998495	0.00433999998495	0.28999999165535	0.28999999165535
6.5	1	2.085629940033	42.710399627686	2.1022500991821	34.52730178833	0.00433999998495	0.00433999998495	0.28999999165535	0.28999999165535
6.5	0.79999977350235	2.101979970932	45.616500854492	2.164589881897	35.11009979248	0.00433999998495	0.00433999998495	0.28999999165535	0.28999999165535
6.5	0.59999978542328	2.0897400379181	48.998001098633	2.2136299610138	36.386501312256	0.00433999998495	0.00433999998495	0.28999999165535	0.28999999165535
6.5	0.40000060200691	2.0470299720764	51.71789932251	2.2502999305725	37.810600280762	0.00433999998495	0.00433999998495	0.28999999165535	0.28999999165535
6.5	0.19999913871288	1.9850200414658	52.59400177002	2.277489900589	39.110900878906	0.00433999998495	0.00433999998495	0.28999999165535	0.28999999165535
6.5	0	1.927099943161	51.215999603271	2.2981700897217	40.18920135498	0.00433999998495	0.00433999998495	0.28999999165535	0.28999999165535
6.5	-0.19999818503857	1.8941099643707	48.416999816895	2.3145699501038	41.050201416016	0.00433999998495	0.00433999998495	0.28999999165535	0.28999999165535
6.5	-0.39999690651894	1.8904900550842	45.617599487305	2.3280498981476	41.738700866699	0.00433999998495	0.00433999998495	0.28999999165535	0.28999999165535
6.5	-0.59999763965607	1.9049899578094	43.725799560547	2.3392899036407	42.298198699951	0.00433999998495	0.00433999998495	0.28999999165535	0.28999999165535
6.5	-0.7999981045723	1.9251300096512	42.829898834229	2.348690032959	42.760601043701	0.00433999998495	0.00433999998495	0.28999999165535	0.28999999165535
6.5	-1	1.9442800283432	42.62670135498	2.3565299510956	43.14709854126	0.00433999998495	0.00433999998495	0.28999999165535	0.28999999165535
6.5	-1.1999706029892	1.9592399597168	42.794799804688	2.3629999160767	43.471599578857	0.00433999998495	0.00433999998495	0.28999999165535	0.28999999165535
6.5	-1.4000078439713	1.9704699516296	43.115501403809	2.3683099746704	43.744300842285	0.00433999998495	0.00433999998495	0.28999999165535	0.28999999165535
6.5	-1.5999803543091	1.9785499572754	43.465000152588	2.3726398944855	43.97200012207	0.00433999998495	0.00433999998495	0.28999999165535	0.28999999165535
6.5	-1.7999707460403	1.9842200279236	43.786800384521	2.3761699199677	44.161701202393	0.00433999998495	0.00433999998495	0.28999999165535	0.28999999165535
6.5	-2	1.9882400035858	44.053001403809	2.3790099620819	44.31969833374	0.00433999998495	0.00433999998495	0.28999999165535	0.28999999165535
7	2.6020600795746	2.0000600814819	44.975700378418	2.0000400543213	44.975101470947	0.00433999998495	0.00433999998495	0.28999999165535	0.28999999165535
7	2.4000005722046	2.001620054245	45.035400390625	2.0018301010132	45.019100189209	0.00433999998495	0.00433999998495	0.28999999165535	0.28999999165535
7	2.1999990940094	1.999410033226	45.35950088501	2.0009000301361	45.423400878906	0.00433999998495	0.00433999998495	0.28999999165535	0.28999999165535
7	2	1.9876099824905	45.328498840332	1.9863899946213	45.739498138428	0.00433999998495	0.00433999998495	0.28999999165535	0.28999999165535
7	1.7999997138977	1.9766900539398	44.206699371338	1.9615099430084	44.64469909668	0.00433999998495	0.00433999998495	0.28999999165535	0.28999999165535
7	1.5999997854233	1.9828900098801	42.349300384521	1.9508700370789	41.559600830078	0.00433999998495	0.00433999998495	0.28999999165535	0.28999999165535
7	1.4000005722046	2.0108399391174	40.862499237061	1.976909995079	37.670600891113	0.00433999998495	0.00433999998495	0.28999999165535	0.28999999165535
7	1.1999990940094	2.0512199401855	40.694400787354	2.0371799468994	34.841499328613	0.00433999998495	0.00433999998495	0.28999999165535	0.28999999165535
7	1	2.0882999897003	42.124401092529	2.1098599433899	33.966999053955	0.00433999998495	0.00433999998495	0.28999999165535	0.28999999165535
7	0.79999977350235	2.1081600189209	44.804901123047	2.1750900745392	34.631801605225	0.00433999998495	0.00433999998495	0.28999999165535	0.28999999165535
7	0.59999978542328	2.1019999980927	48.021800994873	2.2260699272156	35.994499206543	0.00433999998495	0.00433999998495	0.28999999165535	0.28999999165535
7	0.40000060200691	2.0671000480652	50.779201507568	2.264130115509	37.486801147461	0.00433999998495	0.00433999998495	0.28999999165535	0.28999999165535
7	0.19999913871288	2.0119099617004	51.97790145874	2.2924699783325	38.839199066162	0.00433999998495	0.00433999998495	0.28999999165535	0.28999999165535
7	0	1.9566099643707	51.10120010376	2.3141300678253	39.959899902344	0.00433999998495	0.00433999998495	0.28999999165535	0.28999999165535
7	-0.19999818503857	1.9214899539948	48.764999389648	2.3313798904419	40.857498168945	0.00433999998495	0.00433999998495	0.28999999165535	0.28999999165535
7	-0.39999690651894	1.9128600358963	46.220199584961	2.3455500602722	41.57799911499	0.00433999998495	0.00433999998495	0.28999999165535	0.28999999165535
7	-0.59999763965607	1.9222999811172	44.393798828125	2.3573799133301	42.16540145874	0.00433999998495	0.00433999998495	0.28999999165535	0.28999999165535
7	-0.7999981045723	1.9383399486542	43.456901550293	2.3672499656677	42.651699066162	0.00433999998495	0.00433999998495	0.28999999165535	0.28999999165535
7	-1	1.9542499780655	43.170398712158	2.3754599094391	43.058300018311	0.00433999998495	0.00433999998495	0.28999999165535	0.28999999165535
7	-1.1999706029892	1.9668600559235	43.246700286865	2.3822400569916	43.399700164795	0.00433999998495	0.00433999998495	0.28999999165535	0.28999999165535
7	-1.4000078439713	1.9763699769974	43.483699798584	2.3877899646759	43.686199188232	0.00433999998495	0.00433999998495	0.28999999165535	0.28999999165535
7	-1.5999803543091	1.9832099676132	43.76070022583	2.3923099040985	43.925300598145	0.00433999998495	0.00433999998495	0.28999999165535	0.28999999165535
7	-1.7999707460403	1.9878000020981	44.02209854126	2.3959898948669	44.124298095703	0.00433999998495	0.00433999998495	0.28999999165535	0.28999999165535
7	-2	1.9911099672318	44.242099761963	2.3989500999451	44.289798736572	0.00433999998495	0.00433999998495	0.28999999165535	0.28999999165535
7.5	2.6020600795746	2.0000400543213	44.980598449707	2.0000500679016	44.977199554443	0.00433999998495	0.00433999998495	0.28999999165535	0.28999999165535
7.5	2.4000005722046	2.0013499259949	45.025299072266	2.001669883728	45.020198822021	0.00433999998495	0.00433999998495	0.28999999165535	0.28999999165535
7.5	2.1999990940094	1.9997299909592	45.305801391602	2.0007801055908	45.388401031494	0.00433999998495	0.00433999998495	0.28999999165535	0.28999999165535
7.5	2	1.9895100593567	45.319801330566	1.9874999523163	45.681800842285	0.00433999998495	0.00433999998495	0.28999999165535	0.28999999165535
7.5	1.7999997138977	1.9790199995041	44.372501373291	1.964359998703	44.691799163818	0.00433999998495	0.00433999998495	0.28999999165535	0.28999999165535
7.5	1.5999997854233	1.9828599691391	42.699901580811	1.9536600112915	41.83629989624	0.00433999998495	0.00433999998495	0.28999999165535	0.28999999165535
7.5	1.4000005722046	2.0063700675964	41.236099243164	1.9769200086594	38.150299072266	0.00433999998495	0.00433999998495	0.28999999165535	0.28999999165535
7.5	1.1999990940094	2.0427401065826	40.861301422119	2.0332999229431	35.391998291016	0.00433999998495	0.00433999998495	0.28999999165535	0.28999999165535
7.5	1	2.0783998966217	41.923698425293	2.102639913559	34.491298675537	0.00433999998495	0.00433999998495	0.28999999165535	0.28999999165535
7.5	0.79999977350235	2.1004400253296	44.187400817871	2.1653199195862	35.103298187256	0.00433999998495	0.00433999998495	0.28999999165535	0.28999999165535
7.5	0.59999978542328	2.1001698970795	47.07080078125	2.2142200469971	36.412399291992	0.00433999998495	0.00433999998495	0.28999999165535	0.28999999165535
7.5	0.40000060200691	2.0738499164581	49.730400085449	2.2504999637604	37.849899291992	0.00433999998495	0.00433999998495	0.28999999165535	0.28999999165535
7.5	0.19999913871288	2.0267899036407	51.147399902344	2.2773599624634	39.14709854126	0.00433999998495	0.00433999998495	0.28999999165535	0.28999999165535
7.5	0	1.9759199619293	50.719200134277	2.2978301048279	40.215900421143	0.00433999998495	0.00433999998495	0.28999999165535	0.28999999165535
7.5	-0.19999818503857	1.9404400587082	48.822498321533	2.3141400814056	41.067199707031	0.00433999998495	0.00433999998495	0.28999999165535	0.28999999165535
7.5	-0.39999690651894	1.9285399913788	46.549800872803	2.3275799751282	41.747699737549	0.00433999998495	0.00433999998495	0.28999999165535	0.28999999165535
7.5	-0.59999763965607	1.9342399835587	44.821701049805	2.3388299942017	42.301700592041	0.00433999998495	0.00433999998495	0.28999999165535	0.28999999165535
7.5	-0.7999981045723	1.9470800161362	43.874599456787	2.348249912262	42.760601043701	0.00433999998495	0.00433999998495	0.28999999165535	0.28999999165535
7.5	-1	1.9606399536133	43.535099029541	2.3561100959778	43.145000457764	0.00433999998495	0.00433999998495	0.28999999165535	0.28999999165535
7.5	-1.1999706029892	1.9716800451279	43.548500061035	2.3626101016998	43.468601226807	0.00433999998495	0.00433999998495	0.28999999165535	0.28999999165535
7.5	-1.4000078439713	1.9800499677658	43.725601196289	2.367949962616	43.74100112915	0.00433999998495	0.00433999998495	0.28999999165535	0.28999999165535
7.5	-1.5999803543091	1.9859600067139	43.954299926758	2.3722999095917	43.968799591064	0.00433999998495	0.00433999998495	0.28999999165535	0.28999999165535
7.5	-1.7999707460403	1.9899899959564	44.174598693848	2.3758399486542	44.158798217773	0.00433999998495	0.00433999998495	0.28999999165535	0.28999999165535
7.5	-2	1.9927500486374	44.3583984375	2.3787000179291	44.317100524902	0.00433999998495	0.00433999998495	0.28999999165535	0.28999999165535
8	2.6020600795746	1.9999799728394	44.989799499512	2.000030040741	44.984901428223	0.00433999998495	0.00433999998495	0.28999999165535	0.28999999165535
8	2.4000005722046	2.0007901191711	45.000999450684	2.0011301040649	45.010101318359	0.00433999998495	0.00433999998495	0.28999999165535	0.28999999165535
8	2.1999990940094	2.0005099773407	45.18270111084	2.0007901191711	45.264499664307	0.00433999998495	0.00433999998495	0.28999999165535	0.28999999165535
8	2	1.9940299987793	45.300800323486	1.991700053215	45.523899078369	0.00433999998495	0.00433999998495	0.28999999165535	0.28999999165535
8	1.7999997138977	1.9845000505447	44.759700775146	1.9738600254059	44.904899597168	0.00433999998495	0.00433999998495	0.28999999165535	0.28999999165535
8	1.5999997854233	1.9833699464798	43.490100860596	1.962769985199	42.805999755859	0.00433999998495	0.00433999998495	0.28999999165535	0.28999999165535
8	1.4000005722046	1.9982899427414	42.11840057373	1.9769899845123	39.826599121094	0.00433999998495	0.00433999998495	0.28999999165535	0.28999999165535
8	1.1999990940094	2.0269999504089	41.466800689697	2.0198700428009	37.369899749756	0.00433999998495	0.00433999998495	0.28999999165535	0.28999999165535
8	1	2.0589799880981	42.022701263428	2.076770067215	36.412899017334	0.00433999998495	0.00433999998495	0.28999999165535	0.28999999165535
8	0.79999977350235	2.082200050354	43.730701446533	2.1297900676727	36.828899383545	0.00433999998495	0.00433999998495	0.28999999165535	0.28999999165535
8	0.59999978542328	2.087630033493	46.164100646973	2.1710801124573	37.924900054932	0.00433999998495	0.00433999998495	0.28999999165535	0.28999999165535
8	0.40000060200691	2.0700800418854	48.624401092529	2.201080083847	39.158199310303	0.00433999998495	0.00433999998495	0.28999999165535	0.28999999165535
8	0.19999913871288	2.0320000648499	50.172401428223	2.2227098941803	40.262901306152	0.00433999998495	0.00433999998495	0.28999999165535	0.28999999165535
8	0	1.9868500232697	50.121700286865	2.2388699054718	41.153900146484	0.00433999998495	0.00433999998495	0.28999999165535	0.28999999165535
8	-0.19999818503857	1.9526000022888	48.643001556396	2.2516798973084	41.845199584961	0.00433999998495	0.00433999998495	0.28999999165535	0.28999999165535
8	-0.39999690651894	1.9388699531555	46.656101226807	2.2623100280762	42.385799407959	0.00433999998495	0.00433999998495	0.28999999165535	0.28999999165535
8	-0.59999763965607	1.9418100118637	45.050998687744	2.2713301181793	42.820301055908	0.00433999998495	0.00433999998495	0.28999999165535	0.28999999165535
8	-0.7999981045723	1.9524199962616	44.120899200439	2.2789900302887	43.179298400879	0.00433999998495	0.00433999998495	0.28999999165535	0.28999999165535
8	-1	1.964390039444	43.754199981689	2.2854599952698	43.481498718262	0.00433999998495	0.00433999998495	0.28999999165535	0.28999999165535
8	-1.1999706029892	1.9743599891663	43.72859954834	2.2908599376678	43.738098144531	0.00433999998495	0.00433999998495	0.28999999165535	0.28999999165535
8	-1.4000078439713	1.9819799661636	43.86780166626	2.2953300476074	43.956298828125	0.00433999998495	0.00433999998495	0.28999999165535	0.28999999165535
8	-1.5999803543091	1.9874099493027	44.062301635742	2.2989900112152	44.140598297119	0.00433999998495	0.00433999998495	0.28999999165535	0.28999999165535
8	-1.7999707460403	1.9910900592804	44.259101867676	2.3019800186157	44.295600891113	0.00433999998495	0.00433999998495	0.28999999165535	0.28999999165535
8	-2	1.9935899972916	44.424499511719	2.3044099807739	44.42610168457	0.00433999998495	0.00433999998495	0.28999999165535	0.28999999165535
8.5	2.6020600795746	1.9999500513077	44.997898101807	1.9999500513077	44.995300292969	0.00433999998495	0.00433999998495	0.28999999165535	0.28999999165535
8.5	2.4000005722046	2.0002501010895	44.986400604248	2.0004000663757	44.987098693848	0.00433999998495	0.00433999998495	0.28999999165535	0.28999999165535
8.5	2.1999990940094	2.0008900165558	45.061401367188	2.0010499954224	45.088500976563	0.00433999998495	0.00433999998495	0.28999999165535	0.28999999165535
8.5	2	1.9983600378036	45.229099273682	1.9978499412537	45.31079864502	0.00433999998495	0.00433999998495	0.28999999165535	0.28999999165535
8.5	1.7999997138977	1.9911199808121	45.096199035645	1.9876999855041	45.208400726318	0.00433999998495	0.00433999998495	0.28999999165535	0.28999999165535
8.5	1.5999997854233	1.9857800006866	44.332401275635	1.9771000146866	44.208801269531	0.00433999998495	0.00433999998495	0.28999999165535	0.28999999165535
8.5	1.4000005722046	1.9913300275803	43.173301696777	1.9793499708176	42.379398345947	0.00433999998495	0.00433999998495	0.28999999165535	0.28999999165535
8.5	1.1999990940094	2.0105900764465	42.302398681641	2.0017900466919	40.56489944458	0.00433999998495	0.00433999998495	0.28999999165535	0.28999999165535
8.5	1	2.0371799468994	42.346298217773	2.0378301143646	39.672100067139	0.00433999998495	0.00433999998495	0.28999999165535	0.28999999165535
8.5	0.79999977350235	2.0603098869324	43.464698791504	2.0736300945282	39.858501434326	0.00433999998495	0.00433999998495	0.28999999165535	0.28999999165535
8.5	0.59999978542328	2.0704300403595	45.40119934082	2.10093998909	40.651599884033	0.00433999998495	0.00433999998495	0.28999999165535	0.28999999165535
8.5	0.40000060200691	2.0609300136566	47.597499847412	2.1191198825836	41.573001861572	0.00433999998495	0.00433999998495	0.28999999165535	0.28999999165535
8.5	0.19999913871288	2.0315001010895	49.197200775146	2.1306600570679	42.366600036621	0.00433999998495	0.00433999998495	0.28999999165535	0.28999999165535
8.5	0	1.9925600290298	49.450401306152	2.1383299827576	42.95539855957	0.00433999998495	0.00433999998495	0.28999999165535	0.28999999165535
8.5	-0.19999818503857	1.9604699611664	48.348598480225	2.1441099643707	43.362899780273	0.00433999998495	0.00433999998495	0.28999999165535	0.28999999165535
8.5	-0.39999690651894	1.9458400011063	46.636699676514	2.1490499973297	43.646301269531	0.00433999998495	0.00433999998495	0.28999999165535	0.28999999165535
8.5	-0.59999763965607	1.9468899965286	45.15950012207	2.153510093689	43.855400085449	0.00433999998495	0.00433999998495	0.28999999165535	0.28999999165535
8.5	-0.7999981045723	1.9557600021362	44.264801025391	2.1575400829315	44.021900177002	0.00433999998495	0.00433999998495	0.28999999165535	0.28999999165535
8.5	-1	1.9665299654007	43.887001037598	2.1611299514771	44.162998199463	0.00433999998495	0.00433999998495	0.28999999165535	0.28999999165535
8.5	-1.1999706029892	1.9757499694824	43.836700439453	2.1642599105835	44.286800384521	0.00433999998495	0.00433999998495	0.28999999165535	0.28999999165535
8.5	-1.4000078439713	1.9829000234604	43.950901031494	2.1669199466705	44.396499633789	0.00433999998495	0.00433999998495	0.28999999165535	0.28999999165535
8.5	-1.5999803543091	1.9880700111389	44.126300811768	2.1691598892212	44.49280166626	0.00433999998495	0.00433999998495	0.28999999165535	0.28999999165535
8.5	-1.7999707460403	1.9915100336075	44.304798126221	2.1710200309753	44.576999664307	0.00433999998495	0.00433999998495	0.28999999165535	0.28999999165535
8.5	-2	1.993980050087	44.458499908447	2.1725499629974	44.65060043335	0.00433999998495	0.00433999998495	0.28999999165535	0.28999999165535
9	2.6020600795746	1.9999899864197	45.000900268555	1.9999799728394	45.000801086426	0.00433999998495	0.00433999998495	0.28999999165535	0.28999999165535
9	2.4000005722046	1.999969959259	44.992401123047	1.9999899864197	44.991600036621	0.00433999998495	0.00433999998495	0.28999999165535	0.28999999165535
9	2.1999990940094	2.000519990921	44.997100830078	2.0005099773407	44.997798919678	0.00433999998495	0.00433999998495	0.28999999165535	0.28999999165535
9	2	2.0004498958588	45.111099243164	2.0005400180817	45.107299804688	0.00433999998495	0.00433999998495	0.28999999165535	0.28999999165535
9	1.7999997138977	1.9965599775314	45.19889831543	1.9968299865723	45.224300384521	0.00433999998495	0.00433999998495	0.28999999165535	0.28999999165535
9	1.5999997854233	1.9903199672699	44.888000488281	1.9896700382233	44.961200714111	0.00433999998495	0.00433999998495	0.28999999165535	0.28999999165535
9	1.4000005722046	1.989070057869	44.065799713135	1.9863200187683	44.10179901123	0.00433999998495	0.00433999998495	0.28999999165535	0.28999999165535
9	1.1999990940094	1.9993100166321	43.152099609375	1.9945299625397	43.009700775146	0.00433999998495	0.00433999998495	0.28999999165535	0.28999999165535
9	1	2.0194599628448	42.810199737549	2.0134599208832	42.373199462891	0.00433999998495	0.00433999998495	0.28999999165535	0.28999999165535
9	0.79999977350235	2.0408999919891	43.4035987854	2.033910036087	42.500301361084	0.00433999998495	0.00433999998495	0.28999999165535	0.28999999165535
9	0.59999978542328	2.0540099143982	44.86190032959	2.0482699871063	43.12260055542	0.00433999998495	0.00433999998495	0.28999999165535	0.28999999165535
9	0.40000060200691	2.0509099960327	46.766101837158	2.0551400184631	43.837600708008	0.00433999998495	0.00433999998495	0.28999999165535	0.28999999165535
9	0.19999913871288	2.0290999412537	48.345699310303	2.0566699504852	44.401298522949	0.00433999998495	0.00433999998495	0.28999999165535	0.28999999165535
9	0	1.9960000514984	48.826000213623	2.0556399822235	44.744800567627	0.00433999998495	0.00433999998495	0.28999999165535	0.28999999165535
9	-0.19999818503857	1.9663399457932	48.039100646973	2.0540599822998	44.9035987854	0.00433999998495	0.00433999998495	0.28999999165535	0.28999999165535
9	-0.39999690651894	1.9513000249863	46.576499938965	2.0529100894928	44.948398590088	0.00433999998495	0.00433999998495	0.28999999165535	0.28999999165535
9	-0.59999763965607	1.9508700370789	45.227500915527	2.0524399280548	44.93920135498	0.00433999998495	0.00433999998495	0.28999999165535	0.28999999165535
9	-0.7999981045723	1.95834004879	44.368900299072	2.0525200366974	44.913501739502	0.00433999998495	0.00433999998495	0.28999999165535	0.28999999165535
9	-1	1.9681400060654	43.987598419189	2.0529699325562	44.890098571777	0.00433999998495	0.00433999998495	0.28999999165535	0.28999999165535
9	-1.1999706029892	1.9767099618912	43.919300079346	2.0536000728607	44.875900268555	0.00433999998495	0.00433999998495	0.28999999165535	0.28999999165535
9	-1.4000078439713	1.9835000038147	44.013698577881	2.0542900562286	44.871398925781	0.00433999998495	0.00433999998495	0.28999999165535	0.28999999165535
9	-1.5999803543091	1.988450050354	44.171699523926	2.0549600124359	44.874401092529	0.00433999998495	0.00433999998495	0.28999999165535	0.28999999165535
9	-1.7999707460403	1.9917900562286	44.33869934082	2.0555799007416	44.882801055908	0.00433999998495	0.00433999998495	0.28999999165535	0.28999999165535
9	-2	1.9941600561142	44.483100891113	2.0561199188232	44.895099639893	0.00433999998495	0.00433999998495	0.28999999165535	0.28999999165535
9.5	2.6020600795746	2.0000100135803	45.000198364258	2.0000100135803	45.000301361084	0.00433999998495	0.00433999998495	0.28999999165535	0.28999999165535
9.5	2.4000005722046	1.9999599456787	44.999801635742	1.9999599456787	45	0.00433999998495	0.00433999998495	0.28999999165535	0.28999999165535
9.5	2.1999990940094	2.0000898838043	44.988498687744	2.0000500679016	44.990501403809	0.00433999998495	0.00433999998495	0.28999999165535	0.28999999165535
9.5	2	2.0006399154663	45.023899078369	2.0005099773407	45.011001586914	0.00433999998495	0.00433999998495	0.28999999165535	0.28999999165535
9.5	1.7999997138977	1.9995299577713	45.141300201416	1.9999200105667	45.104301452637	0.00433999998495	0.00433999998495	0.28999999165535	0.28999999165535
9.5	1.5999997854233	1.9949799776077	45.114498138428	1.9965300559998	45.111000061035	0.00433999998495	0.00433999998495	0.28999999165535	0.28999999165535
9.5	1.4000005722046	1.9906799793243	44.653800964355	1.9929599761963	44.783401489258	0.00433999998495	0.00433999998495	0.28999999165535	0.28999999165535
9.5	1.1999990940094	1.993980050087	43.868698120117	1.9951100349426	44.199100494385	0.00433999998495	0.00433999998495	0.28999999165535	0.28999999165535
9.5	1	2.0075900554657	43.317501068115	2.0048100948334	43.815299987793	0.00433999998495	0.00433999998495	0.28999999165535	0.28999999165535
9.5	0.79999977350235	2.0260601043701	43.500900268555	2.016410112381	43.969799041748	0.00433999998495	0.00433999998495	0.28999999165535	0.28999999165535
9.5	0.59999978542328	2.04044008255	44.533100128174	2.0232899188995	44.533000946045	0.00433999998495	0.00433999998495	0.28999999165535	0.28999999165535
9.5	0.40000060200691	2.0420699119568	46.140899658203	2.0235300064087	45.166400909424	0.00433999998495	0.00433999998495	0.28999999165535	0.28999999165535
9.5	0.19999913871288	2.0264599323273	47.651401519775	2.0189900398254	45.631099700928	0.00433999998495	0.00433999998495	0.28999999165535	0.28999999165535
9.5	0	1.9986100196838	48.286998748779	2.0124499797821	45.856998443604	0.00433999998495	0.00433999998495	0.28999999165535	0.28999999165535
9.5	-0.19999818503857	1.971410036087	47.763198852539	2.006059885025	45.884601593018	0.00433999998495	0.00433999998495	0.28999999165535	0.28999999165535
9.5	-0.39999690651894	1.9562300443649	46.518398284912	2.0008499622345	45.793800354004	0.00433999998495	0.00433999998495	0.28999999165535	0.28999999165535
9.5	-0.59999763965607	1.9545199871063	45.285301208496	1.9970300197601	45.6535987854	0.00433999998495	0.00433999998495	0.28999999165535	0.28999999165535
9.5	-0.7999981045723	1.9607700109482	44.465999603271	1.9944100379944	45.507999420166	0.00433999998495	0.00433999998495	0.28999999165535	0.28999999165535
9.5	-1	1.9696099758148	44.080299377441	1.9926899671555	45.379100799561	0.00433999998495	0.00433999998495	0.28999999165535	0.28999999165535
9.5	-1.1999706029892	1.9775700569153	43.995300292969	1.9916000366211	45.274799346924	0.00433999998495	0.00433999998495	0.28999999165535	0.28999999165535
9.5	-1.4000078439713	1.9841099977493	44.07149887085	1.9909199476242	45.19469833374	0.00433999998495	0.00433999998495	0.28999999165535	0.28999999165535
9.5	-1.5999803543091	1.9888600111008	44.214199066162	1.9904999732971	45.135200500488	0.00433999998495	0.00433999998495	0.28999999165535	0.28999999165535
9.5	-1.7999707460403	1.9920799732208	44.368698120117	1.9902600049973	45.092498779297	0.00433999998495	0.00433999998495	0.28999999165535	0.28999999165535
9.5	-2	1.9943399429321	44.504100799561	1.9901200532913	45.063098907471	0.00433999998495	0.00433999998495	0.28999999165535	0.28999999165535
10	2.6020600795746	2	44.999801635742	2	44.999801635742	0.00433999998495	0.00433999998495	0.28999999165535	0.28999999165535
10	2.4000005722046	2	45.000598907471	2	45.000499725342	0.00433999998495	0.00433999998495	0.28999999165535	0.28999999165535
10	2.1999990940094	1.9999599456787	44.997200012207	1.999969959259	44.999000549316	0.00433999998495	0.00433999998495	0.28999999165535	0.28999999165535
10	2	2.0002601146698	44.992401123047	2.0000998973846	44.993198394775	0.00433999998495	0.00433999998495	0.28999999165535	0.28999999165535
10	1.7999997138977	2.0004799365997	45.059101104736	2.0003399848938	45.023700714111	0.00433999998495	0.00433999998495	0.28999999165535	0.28999999165535
10	1.5999997854233	1.9981900453568	45.142398834229	1.9992799758911	45.076400756836	0.00433999998495	0.00433999998495	0.28999999165535	0.28999999165535
10	1.4000005722046	1.9937200546265	44.961799621582	1.9969899654388	44.983798980713	0.00433999998495	0.00433999998495	0.28999999165535	0.28999999165535
10	1.1999990940094	1.9927699565887	44.393699645996	1.9971200227737	44.689998626709	0.00433999998495	0.00433999998495	0.28999999165535	0.28999999165535
10	1	2.0006499290466	43.791698455811	2.0023701190948	44.468799591064	0.00433999998495	0.00433999998495	0.28999999165535	0.28999999165535
10	0.79999977350235	2.0154500007629	43.691501617432	2.0095798969269	44.636600494385	0.00433999998495	0.00433999998495	0.28999999165535	0.28999999165535
10	0.59999978542328	2.0297000408173	44.363700866699	2.0130701065063	45.159999847412	0.00433999998495	0.00433999998495	0.28999999165535	0.28999999165535
10	0.40000060200691	2.0345199108124	45.685398101807	2.010509967804	45.756000518799	0.00433999998495	0.00433999998495	0.28999999165535	0.28999999165535
10	0.19999913871288	2.0239500999451	47.089199066162	2.0033400058746	46.1875	0.00433999998495	0.00433999998495	0.28999999165535	0.28999999165535
10	0	2.0007300376892	47.827899932861	1.9942799806595	46.375099182129	0.00433999998495	0.00433999998495	0.28999999165535	0.28999999165535
10	-0.19999818503857	1.9759299755096	47.51070022583	1.9855699539185	46.354999542236	0.00433999998495	0.00433999998495	0.28999999165535	0.28999999165535
10	-0.39999690651894	1.9607900381088	46.463798522949	1.9783099889755	46.209098815918	0.00433999998495	0.00433999998495	0.28999999165535	0.28999999165535
10	-0.59999763965607	1.9579900503159	45.338298797607	1.9727599620819	46.011199951172	0.00433999998495	0.00433999998495	0.28999999165535	0.28999999165535
10	-0.7999981045723	1.9631600379944	44.554901123047	1.9687299728394	45.809898376465	0.00433999998495	0.00433999998495	0.28999999165535	0.28999999165535
10	-1	1.9711099863052	44.169498443604	1.9658700227737	45.630100250244	0.00433999998495	0.00433999998495	0.28999999165535	0.28999999165535
10	-1.1999706029892	1.9784799814224	44.069301605225	1.9638700485229	45.481201171875	0.00433999998495	0.00433999998495	0.28999999165535	0.28999999165535
10	-1.4000078439713	1.984719991684	44.128898620605	1.9624600410461	45.362998962402	0.00433999998495	0.00433999998495	0.28999999165535	0.28999999165535
10	-1.5999803543091	1.9891899824142	44.256198883057	1.9614599943161	45.271701812744	0.00433999998495	0.00433999998495	0.28999999165535	0.28999999165535
10	-1.7999707460403	1.9923499822617	44.399898529053	1.9607599973679	45.202499389648	0.00433999998495	0.00433999998495	0.28999999165535	0.28999999165535
10	-2	1.9945600032806	44.527801513672	1.9602500200272	45.151599884033	0.00433999998495	0.00433999998495	0.28999999165535	0.28999999165535
